Start#30 40
Goal#350 130
Obstacle#60 60 80 60 80 100 60 100
Obstacle#100 40 150 40 150 50 120 60 120 70 150 80 150 90 100 90 
Obstacle#180 70 200 90 200 100 180 120 160 100 160 90
Obstacle#210 40 250 40 250 80 210 80
Obstacle#290 30 310 30 310 130 290 130
Obstacle#50 120 70 120 70 190 50 190
Obstacle#100 150 140 150 140 190 100 190
Obstacle#120 120 170 120 170 140 120 140
Obstacle#160 180 200 180 210 220 150 220
Obstacle#230 150 250 120 270 150 270 200 230 200
Obstacle#310 150 320 190 310 230 290 190